frame_no,ip_proto,dstport,encrypted
1,6,853,Unknown
2,6,853,Unknown
3,6,853,Unknown
4,17,,Unknown
